{
  "label": "path_indoor_scene_1_20251225_202234_annotator_rec_1766665347997",
  "path_points": [
    [
      0.14607755839824677,
      3.780282974243164,
      -0.8781985640525818
    ],
    [
      0.14607755839824677,
      3.780282974243164,
      -0.8781985640525818
    ],
    [
      0.14607755839824677,
      3.780282974243164,
      -0.8781985640525818
    ],
    [
      0.14607755839824677,
      3.780282974243164,
      -0.8781985640525818
    ],
    [
      0.14607755839824677,
      3.780282974243164,
      -0.8781985640525818
    ],
    [
      0.14607755839824677,
      3.780282974243164,
      -0.8781985640525818
    ],
    [
      0.14607755839824677,
      3.780282974243164,
      -0.8781985640525818
    ],
    [
      0.14607755839824677,
      3.780282974243164,
      -0.8781985640525818
    ],
    [
      0.14607755839824677,
      3.780282974243164,
      -0.8781985640525818
    ],
    [
      0.14607755839824677,
      3.780282974243164,
      -0.8781985640525818
    ],
    [
      0.14607755839824677,
      3.780282974243164,
      -0.8781985640525818
    ],
    [
      0.14607755839824677,
      3.780282974243164,
      -0.8781985640525818
    ],
    [
      0.14607755839824677,
      3.780282974243164,
      -0.8781985640525818
    ],
    [
      0.14607755839824677,
      3.780282974243164,
      -0.8781985640525818
    ],
    [
      0.14607755839824677,
      3.780282974243164,
      -0.8781985640525818
    ],
    [
      0.14607755839824677,
      3.780282974243164,
      -0.8781985640525818
    ],
    [
      0.14607755839824677,
      3.780282974243164,
      -0.8781985640525818
    ],
    [
      0.14607755839824677,
      3.780282974243164,
      -0.8781985640525818
    ],
    [
      0.14607755839824677,
      3.780282974243164,
      -0.8781985640525818
    ],
    [
      0.14607755839824677,
      3.780282974243164,
      -0.8781985640525818
    ],
    [
      0.14607755839824677,
      3.780282974243164,
      -0.8781985640525818
    ],
    [
      0.14607755839824677,
      3.780282974243164,
      -0.8781985640525818
    ],
    [
      0.14607755839824677,
      3.780282974243164,
      -0.8781985640525818
    ],
    [
      0.14607755839824677,
      3.780282974243164,
      -0.8781985640525818
    ],
    [
      0.14607755839824677,
      3.780282974243164,
      -0.8781985640525818
    ],
    [
      0.14607755839824677,
      3.780282974243164,
      -0.8781985640525818
    ],
    [
      0.14607755839824677,
      3.780282974243164,
      -0.8781985640525818
    ],
    [
      0.14607755839824677,
      3.780282974243164,
      -0.8781985640525818
    ],
    [
      0.14607755839824677,
      3.780282974243164,
      -0.8781985640525818
    ],
    [
      0.14607755839824677,
      3.780282974243164,
      -0.8781985640525818
    ],
    [
      0.14607755839824677,
      3.780282974243164,
      -0.8781985640525818
    ],
    [
      0.14607755839824677,
      3.780282974243164,
      -0.8781985640525818
    ],
    [
      0.14607755839824677,
      3.780282974243164,
      -0.8781985640525818
    ],
    [
      0.14607755839824677,
      3.780282974243164,
      -0.8781985640525818
    ],
    [
      0.14636562764644623,
      3.7755539417266846,
      -0.873703122138977
    ],
    [
      0.14123596251010895,
      3.741028308868408,
      -0.840989351272583
    ],
    [
      0.11359133571386337,
      3.640833616256714,
      -0.7507952451705933
    ],
    [
      0.07962954789400101,
      3.515852451324463,
      -0.6488634943962097
    ],
    [
      0.047870323061943054,
      3.3455142974853516,
      -0.5267351865768433
    ],
    [
      0.018124915659427643,
      3.180093765258789,
      -0.42382746934890747
    ],
    [
      -0.008471728302538395,
      3.0633108615875244,
      -0.35953429341316223
    ],
    [
      -0.023024529218673706,
      2.9976139068603516,
      -0.32622936367988586
    ],
    [
      -0.029714368283748627,
      2.967047929763794,
      -0.3114081621170044
    ],
    [
      -0.03232374042272568,
      2.955162525177002,
      -0.3057585656642914
    ],
    [
      -0.03307575359940529,
      2.9517407417297363,
      -0.30414384603500366
    ],
    [
      -0.033202625811100006,
      2.9511635303497314,
      -0.3038719892501831
    ],
    [
      -0.033208660781383514,
      2.9511361122131348,
      -0.30385908484458923
    ],
    [
      -0.033208660781383514,
      2.9511361122131348,
      -0.30385908484458923
    ],
    [
      -0.033208660781383514,
      2.9511361122131348,
      -0.30385908484458923
    ],
    [
      -0.033208660781383514,
      2.9511361122131348,
      -0.30385908484458923
    ],
    [
      -0.033208660781383514,
      2.9511361122131348,
      -0.30385908484458923
    ],
    [
      -0.033208660781383514,
      2.9511361122131348,
      -0.30385908484458923
    ],
    [
      -0.033208660781383514,
      2.9511361122131348,
      -0.30385908484458923
    ],
    [
      -0.033208660781383514,
      2.9511361122131348,
      -0.30385908484458923
    ],
    [
      -0.033208660781383514,
      2.9511361122131348,
      -0.30385908484458923
    ],
    [
      -0.033208660781383514,
      2.9511361122131348,
      -0.30385908484458923
    ],
    [
      -0.033208660781383514,
      2.9511361122131348,
      -0.30385908484458923
    ],
    [
      -0.033208660781383514,
      2.9511361122131348,
      -0.30385908484458923
    ],
    [
      -0.033208660781383514,
      2.9511361122131348,
      -0.30385908484458923
    ],
    [
      -0.033208660781383514,
      2.9511361122131348,
      -0.30385908484458923
    ],
    [
      -0.033208660781383514,
      2.9511361122131348,
      -0.30385908484458923
    ],
    [
      -0.033208660781383514,
      2.9511361122131348,
      -0.30385908484458923
    ],
    [
      -0.033208660781383514,
      2.9511361122131348,
      -0.30385908484458923
    ],
    [
      -0.033208660781383514,
      2.9511361122131348,
      -0.30385908484458923
    ],
    [
      -0.033208660781383514,
      2.9511361122131348,
      -0.30385908484458923
    ],
    [
      -0.033208660781383514,
      2.9511361122131348,
      -0.30385908484458923
    ],
    [
      -0.033208660781383514,
      2.9511361122131348,
      -0.30385908484458923
    ],
    [
      -0.033208660781383514,
      2.9511361122131348,
      -0.30385908484458923
    ],
    [
      -0.033208660781383514,
      2.9511361122131348,
      -0.30385908484458923
    ],
    [
      -0.033208660781383514,
      2.9511361122131348,
      -0.30385908484458923
    ],
    [
      -0.033208660781383514,
      2.9511361122131348,
      -0.30385908484458923
    ],
    [
      -0.033208660781383514,
      2.9511361122131348,
      -0.30385908484458923
    ],
    [
      -0.033208660781383514,
      2.9511361122131348,
      -0.30385908484458923
    ],
    [
      -0.033208660781383514,
      2.9511361122131348,
      -0.30385908484458923
    ],
    [
      -0.033208660781383514,
      2.9511361122131348,
      -0.30385908484458923
    ],
    [
      -0.033208660781383514,
      2.9511361122131348,
      -0.30385908484458923
    ],
    [
      -0.033208660781383514,
      2.9511361122131348,
      -0.30385908484458923
    ],
    [
      -0.033208660781383514,
      2.9511361122131348,
      -0.30385908484458923
    ],
    [
      -0.033208660781383514,
      2.9511361122131348,
      -0.30385908484458923
    ],
    [
      -0.033208660781383514,
      2.9511361122131348,
      -0.30385908484458923
    ],
    [
      -0.033208660781383514,
      2.9511361122131348,
      -0.30385908484458923
    ],
    [
      -0.033208660781383514,
      2.9511361122131348,
      -0.30385908484458923
    ],
    [
      -0.033208660781383514,
      2.9511361122131348,
      -0.30385908484458923
    ],
    [
      -0.033208660781383514,
      2.9511361122131348,
      -0.30385908484458923
    ],
    [
      -0.033208660781383514,
      2.9511361122131348,
      -0.30385908484458923
    ],
    [
      -0.033208660781383514,
      2.9511361122131348,
      -0.30385908484458923
    ],
    [
      -0.033208660781383514,
      2.9511361122131348,
      -0.30385908484458923
    ],
    [
      -0.033208660781383514,
      2.9511361122131348,
      -0.30385908484458923
    ],
    [
      -0.03233052045106888,
      2.91540789604187,
      -0.3793241083621979
    ],
    [
      -0.030584752559661865,
      2.844379186630249,
      -0.5293503403663635
    ],
    [
      -0.028828468173742294,
      2.7729225158691406,
      -0.680280327796936
    ],
    [
      -0.027072185650467873,
      2.7014658451080322,
      -0.8312103748321533
    ],
    [
      -0.02532116137444973,
      2.630223274230957,
      -0.9816884994506836
    ],
    [
      -0.02356487698853016,
      2.5587666034698486,
      -1.1326185464859009
    ],
    [
      -0.021819110959768295,
      2.4877378940582275,
      -1.2826447486877441
    ],
    [
      -0.020068084821105003,
      2.4164953231811523,
      -1.4331228733062744
    ],
    [
      -0.01831180229783058,
      2.345038652420044,
      -1.5840529203414917
    ],
    [
      -0.01655551791191101,
      2.2735819816589355,
      -1.734982967376709
    ],
    [
      -0.014804493635892868,
      2.2023394107818604,
      -1.8854610919952393
    ],
    [
      -0.01451528538018465,
      2.190572738647461,
      -1.9103147983551025
    ],
    [
      -0.01451528538018465,
      2.190572738647461,
      -1.9103147983551025
    ],
    [
      -0.01451528538018465,
      2.190572738647461,
      -1.9103147983551025
    ],
    [
      -0.01451528538018465,
      2.190572738647461,
      -1.9103147983551025
    ],
    [
      -0.015687894076108932,
      2.238281726837158,
      -1.8095442056655884
    ],
    [
      -0.017438918352127075,
      2.3095245361328125,
      -1.659066081047058
    ],
    [
      -0.019189944490790367,
      2.3807671070098877,
      -1.5085879564285278
    ],
    [
      -0.02094622701406479,
      2.452223777770996,
      -1.3576579093933105
    ],
    [
      -0.022691993042826653,
      2.523252487182617,
      -1.2076315879821777
    ],
    [
      -0.024448277428746223,
      2.5947089195251465,
      -1.05670166015625
    ],
    [
      -0.026199301704764366,
      2.665951728820801,
      -0.906223475933075
    ],
    [
      -0.0385090596973896,
      3.1667897701263428,
      0.15164227783679962
    ],
    [
      -0.05601930990815163,
      3.879216194152832,
      1.656423568725586
    ],
    [
      -0.07352956384420395,
      4.5916428565979,
      3.1612048149108887
    ],
    [
      -0.09103980660438538,
      5.304069519042969,
      4.665986061096191
    ],
    [
      -0.10860264301300049,
      6.018635272979736,
      6.175286293029785
    ],
    [
      -0.1261128932237625,
      6.731061935424805,
      7.680067539215088
    ],
    [
      -0.14362314343452454,
      7.443488597869873,
      9.18484878540039
    ],
    [
      -0.15824131667613983,
      8.038247108459473,
      10.441092491149902
    ],
    [
      -0.17869623005390167,
      8.870481491088867,
      12.198930740356445
    ],
    [
      -0.19036972522735596,
      9.34543228149414,
      13.202117919921875
    ],
    [
      -0.19036972522735596,
      9.34543228149414,
      13.202117919921875
    ],
    [
      -0.19036972522735596,
      9.34543228149414,
      13.202117919921875
    ],
    [
      -0.19036972522735596,
      9.34543228149414,
      13.202117919921875
    ],
    [
      -0.19036972522735596,
      9.34543228149414,
      13.202117919921875
    ],
    [
      -0.19036972522735596,
      9.34543228149414,
      13.202117919921875
    ],
    [
      -0.19036972522735596,
      9.34543228149414,
      13.202117919921875
    ],
    [
      -0.19036972522735596,
      9.34543228149414,
      13.202117919921875
    ],
    [
      -0.19036972522735596,
      9.34543228149414,
      13.202117919921875
    ],
    [
      -0.19036972522735596,
      9.34543228149414,
      13.202117919921875
    ],
    [
      -0.19036972522735596,
      9.34543228149414,
      13.202117919921875
    ],
    [
      -0.19036972522735596,
      9.34543228149414,
      13.202117919921875
    ],
    [
      -0.19125312566757202,
      9.38137435913086,
      13.278035163879395
    ],
    [
      -0.19329336285591125,
      9.464384078979492,
      13.45336627960205
    ],
    [
      -0.3337457776069641,
      9.523859977722168,
      13.577373504638672
    ],
    [
      -0.4741981625556946,
      9.583335876464844,
      13.701380729675293
    ],
    [
      -0.6415650248527527,
      9.619064331054688,
      13.774908065795898
    ],
    [
      -0.8080537915229797,
      9.619064331054688,
      13.772971153259277
    ],
    [
      -0.975042462348938,
      9.619064331054688,
      13.771027565002441
    ],
    [
      -1.141531229019165,
      9.619064331054688,
      13.76909065246582
    ],
    [
      -1.3085198402404785,
      9.619064331054688,
      13.767147064208984
    ],
    [
      -1.4745086431503296,
      9.619064331054688,
      13.765215873718262
    ],
    [
      -2.640429735183716,
      9.619064331054688,
      13.751648902893066
    ],
    [
      -4.305316925048828,
      9.619064331054688,
      13.73227596282959
    ],
    [
      -5.9702043533325195,
      9.619064331054688,
      13.712902069091797
    ],
    [
      -7.640091419219971,
      9.619064331054688,
      13.69347095489502
    ],
    [
      -9.304978370666504,
      9.619064331054688,
      13.674097061157227
    ],
    [
      -10.969865798950195,
      9.619064331054688,
      13.65472412109375
    ],
    [
      -12.634753227233887,
      9.619064331054688,
      13.635351181030273
    ],
    [
      -14.30463981628418,
      9.619064331054688,
      13.61591911315918
    ],
    [
      -15.974527359008789,
      9.619064331054688,
      13.596487998962402
    ],
    [
      -17.639413833618164,
      9.619064331054688,
      13.57711410522461
    ],
    [
      -18.19437599182129,
      9.619064331054688,
      13.570656776428223
    ],
    [
      -18.19437599182129,
      9.619064331054688,
      13.570656776428223
    ],
    [
      -18.19437599182129,
      9.619064331054688,
      13.570656776428223
    ],
    [
      -18.19437599182129,
      9.619064331054688,
      13.570656776428223
    ],
    [
      -18.19437599182129,
      9.619064331054688,
      13.570656776428223
    ],
    [
      -18.19437599182129,
      9.619064331054688,
      13.570656776428223
    ],
    [
      -18.19437599182129,
      9.619064331054688,
      13.570656776428223
    ],
    [
      -18.19437599182129,
      9.619064331054688,
      13.570656776428223
    ],
    [
      -18.19437599182129,
      9.619064331054688,
      13.570656776428223
    ],
    [
      -18.19437599182129,
      9.619064331054688,
      13.570656776428223
    ],
    [
      -18.19437599182129,
      9.619064331054688,
      13.570656776428223
    ],
    [
      -18.19437599182129,
      9.619064331054688,
      13.570656776428223
    ],
    [
      -18.19437599182129,
      9.619064331054688,
      13.570656776428223
    ],
    [
      -18.19437599182129,
      9.619064331054688,
      13.570656776428223
    ],
    [
      -18.19437599182129,
      9.619064331054688,
      13.570656776428223
    ],
    [
      -18.19437599182129,
      9.619064331054688,
      13.570656776428223
    ],
    [
      -18.19437599182129,
      9.619064331054688,
      13.570656776428223
    ],
    [
      -18.19437599182129,
      9.619064331054688,
      13.570656776428223
    ],
    [
      -18.19437599182129,
      9.619064331054688,
      13.570656776428223
    ],
    [
      -18.19437599182129,
      9.619064331054688,
      13.570656776428223
    ],
    [
      -18.19437599182129,
      9.619064331054688,
      13.570656776428223
    ],
    [
      -18.19437599182129,
      9.619064331054688,
      13.570656776428223
    ],
    [
      -18.19437599182129,
      9.619064331054688,
      13.570656776428223
    ],
    [
      -18.19437599182129,
      9.619064331054688,
      13.570656776428223
    ],
    [
      -18.19437599182129,
      9.619064331054688,
      13.570656776428223
    ],
    [
      -18.19437599182129,
      9.619064331054688,
      13.570656776428223
    ],
    [
      -18.19437599182129,
      9.619064331054688,
      13.570656776428223
    ],
    [
      -18.19437599182129,
      9.619064331054688,
      13.570656776428223
    ],
    [
      -18.19437599182129,
      9.619064331054688,
      13.570656776428223
    ],
    [
      -18.19437599182129,
      9.619064331054688,
      13.570656776428223
    ],
    [
      -18.19437599182129,
      9.619064331054688,
      13.570656776428223
    ],
    [
      -18.19437599182129,
      9.619064331054688,
      13.570656776428223
    ],
    [
      -18.19437599182129,
      9.619064331054688,
      13.570656776428223
    ],
    [
      -18.19437599182129,
      9.619064331054688,
      13.570656776428223
    ],
    [
      -18.19437599182129,
      9.619064331054688,
      13.570656776428223
    ],
    [
      -18.19437599182129,
      9.619064331054688,
      13.570656776428223
    ],
    [
      -18.19437599182129,
      9.619064331054688,
      13.570656776428223
    ]
  ],
  "trajectory": [
    [
      0.9979530109725344,
      -0.04415603013133053,
      0.04626048955527375,
      0.14607755839824677,
      -4.581496536315566e-10,
      0.7233688933444087,
      0.6904617615347611,
      3.780282974243164,
      -0.06395144948202942,
      -0.6890483939062092,
      0.7218881651366926,
      -0.8781985640525818,
      0,
      0,
      0,
      1
    ],
    [
      0.9979530109725344,
      -0.04415603013133053,
      0.04626048955527375,
      0.14607755839824677,
      -4.581496536315566e-10,
      0.7233688933444087,
      0.6904617615347611,
      3.780282974243164,
      -0.06395144948202942,
      -0.6890483939062092,
      0.7218881651366926,
      -0.8781985640525818,
      0,
      0,
      0,
      1
    ],
    [
      0.9979530109725344,
      -0.04415603013133053,
      0.04626048955527375,
      0.14607755839824677,
      -4.581496536315566e-10,
      0.7233688933444087,
      0.6904617615347611,
      3.780282974243164,
      -0.06395144948202942,
      -0.6890483939062092,
      0.7218881651366926,
      -0.8781985640525818,
      0,
      0,
      0,
      1
    ],
    [
      0.9979530109725344,
      -0.04415603013133053,
      0.04626048955527375,
      0.14607755839824677,
      -4.581496536315566e-10,
      0.7233688933444087,
      0.6904617615347611,
      3.780282974243164,
      -0.06395144948202942,
      -0.6890483939062092,
      0.7218881651366926,
      -0.8781985640525818,
      0,
      0,
      0,
      1
    ],
    [
      0.9979530109725344,
      -0.04415603013133053,
      0.04626048955527375,
      0.14607755839824677,
      -4.581496536315566e-10,
      0.7233688933444087,
      0.6904617615347611,
      3.780282974243164,
      -0.06395144948202942,
      -0.6890483939062092,
      0.7218881651366926,
      -0.8781985640525818,
      0,
      0,
      0,
      1
    ],
    [
      0.9979530109725344,
      -0.04415603013133053,
      0.04626048955527375,
      0.14607755839824677,
      -4.581496536315566e-10,
      0.7233688933444087,
      0.6904617615347611,
      3.780282974243164,
      -0.06395144948202942,
      -0.6890483939062092,
      0.7218881651366926,
      -0.8781985640525818,
      0,
      0,
      0,
      1
    ],
    [
      0.9979530109725344,
      -0.04415603013133053,
      0.04626048955527375,
      0.14607755839824677,
      -4.581496536315566e-10,
      0.7233688933444087,
      0.6904617615347611,
      3.780282974243164,
      -0.06395144948202942,
      -0.6890483939062092,
      0.7218881651366926,
      -0.8781985640525818,
      0,
      0,
      0,
      1
    ],
    [
      0.9979530109725344,
      -0.04415603013133053,
      0.04626048955527375,
      0.14607755839824677,
      -4.581496536315566e-10,
      0.7233688933444087,
      0.6904617615347611,
      3.780282974243164,
      -0.06395144948202942,
      -0.6890483939062092,
      0.7218881651366926,
      -0.8781985640525818,
      0,
      0,
      0,
      1
    ],
    [
      0.9979530109725344,
      -0.04415603013133053,
      0.04626048955527375,
      0.14607755839824677,
      -4.581496536315566e-10,
      0.7233688933444087,
      0.6904617615347611,
      3.780282974243164,
      -0.06395144948202942,
      -0.6890483939062092,
      0.7218881651366926,
      -0.8781985640525818,
      0,
      0,
      0,
      1
    ],
    [
      0.9979530109725344,
      -0.04415603013133053,
      0.04626048955527375,
      0.14607755839824677,
      -4.581496536315566e-10,
      0.7233688933444087,
      0.6904617615347611,
      3.780282974243164,
      -0.06395144948202942,
      -0.6890483939062092,
      0.7218881651366926,
      -0.8781985640525818,
      0,
      0,
      0,
      1
    ],
    [
      0.9979530109725344,
      -0.04415603013133053,
      0.04626048955527375,
      0.14607755839824677,
      -4.581496536315566e-10,
      0.7233688933444087,
      0.6904617615347611,
      3.780282974243164,
      -0.06395144948202942,
      -0.6890483939062092,
      0.7218881651366926,
      -0.8781985640525818,
      0,
      0,
      0,
      1
    ],
    [
      0.9979530109725344,
      -0.04415603013133053,
      0.04626048955527375,
      0.14607755839824677,
      -4.581496536315566e-10,
      0.7233688933444087,
      0.6904617615347611,
      3.780282974243164,
      -0.06395144948202942,
      -0.6890483939062092,
      0.7218881651366926,
      -0.8781985640525818,
      0,
      0,
      0,
      1
    ],
    [
      0.9979530109725344,
      -0.04415603013133053,
      0.04626048955527375,
      0.14607755839824677,
      -4.581496536315566e-10,
      0.7233688933444087,
      0.6904617615347611,
      3.780282974243164,
      -0.06395144948202942,
      -0.6890483939062092,
      0.7218881651366926,
      -0.8781985640525818,
      0,
      0,
      0,
      1
    ],
    [
      0.9979530109725344,
      -0.04415603013133053,
      0.04626048955527375,
      0.14607755839824677,
      -4.581496536315566e-10,
      0.7233688933444087,
      0.6904617615347611,
      3.780282974243164,
      -0.06395144948202942,
      -0.6890483939062092,
      0.7218881651366926,
      -0.8781985640525818,
      0,
      0,
      0,
      1
    ],
    [
      0.9979530109725344,
      -0.04415603013133053,
      0.04626048955527375,
      0.14607755839824677,
      -4.581496536315566e-10,
      0.7233688933444087,
      0.6904617615347611,
      3.780282974243164,
      -0.06395144948202942,
      -0.6890483939062092,
      0.7218881651366926,
      -0.8781985640525818,
      0,
      0,
      0,
      1
    ],
    [
      0.9979530109725344,
      -0.04415603013133053,
      0.04626048955527375,
      0.14607755839824677,
      -4.581496536315566e-10,
      0.7233688933444087,
      0.6904617615347611,
      3.780282974243164,
      -0.06395144948202942,
      -0.6890483939062092,
      0.7218881651366926,
      -0.8781985640525818,
      0,
      0,
      0,
      1
    ],
    [
      0.9979530109725344,
      -0.04415603013133053,
      0.04626048955527375,
      0.14607755839824677,
      -4.581496536315566e-10,
      0.7233688933444087,
      0.6904617615347611,
      3.780282974243164,
      -0.06395144948202942,
      -0.6890483939062092,
      0.7218881651366926,
      -0.8781985640525818,
      0,
      0,
      0,
      1
    ],
    [
      0.9979530109725344,
      -0.04415603013133053,
      0.04626048955527375,
      0.14607755839824677,
      -4.581496536315566e-10,
      0.7233688933444087,
      0.6904617615347611,
      3.780282974243164,
      -0.06395144948202942,
      -0.6890483939062092,
      0.7218881651366926,
      -0.8781985640525818,
      0,
      0,
      0,
      1
    ],
    [
      0.9979530109725344,
      -0.04415603013133053,
      0.04626048955527375,
      0.14607755839824677,
      -4.581496536315566e-10,
      0.7233688933444087,
      0.6904617615347611,
      3.780282974243164,
      -0.06395144948202942,
      -0.6890483939062092,
      0.7218881651366926,
      -0.8781985640525818,
      0,
      0,
      0,
      1
    ],
    [
      0.9979530109725344,
      -0.04415603013133053,
      0.04626048955527375,
      0.14607755839824677,
      -4.581496536315566e-10,
      0.7233688933444087,
      0.6904617615347611,
      3.780282974243164,
      -0.06395144948202942,
      -0.6890483939062092,
      0.7218881651366926,
      -0.8781985640525818,
      0,
      0,
      0,
      1
    ],
    [
      0.9979530109725344,
      -0.04415603013133053,
      0.04626048955527375,
      0.14607755839824677,
      -4.581496536315566e-10,
      0.7233688933444087,
      0.6904617615347611,
      3.780282974243164,
      -0.06395144948202942,
      -0.6890483939062092,
      0.7218881651366926,
      -0.8781985640525818,
      0,
      0,
      0,
      1
    ],
    [
      0.9979530109725344,
      -0.04415603013133053,
      0.04626048955527375,
      0.14607755839824677,
      -4.581496536315566e-10,
      0.7233688933444087,
      0.6904617615347611,
      3.780282974243164,
      -0.06395144948202942,
      -0.6890483939062092,
      0.7218881651366926,
      -0.8781985640525818,
      0,
      0,
      0,
      1
    ],
    [
      0.9979530109725344,
      -0.04415603013133053,
      0.04626048955527375,
      0.14607755839824677,
      -4.581496536315566e-10,
      0.7233688933444087,
      0.6904617615347611,
      3.780282974243164,
      -0.06395144948202942,
      -0.6890483939062092,
      0.7218881651366926,
      -0.8781985640525818,
      0,
      0,
      0,
      1
    ],
    [
      0.9979530109725344,
      -0.04415603013133053,
      0.04626048955527375,
      0.14607755839824677,
      -4.581496536315566e-10,
      0.7233688933444087,
      0.6904617615347611,
      3.780282974243164,
      -0.06395144948202942,
      -0.6890483939062092,
      0.7218881651366926,
      -0.8781985640525818,
      0,
      0,
      0,
      1
    ],
    [
      0.9979530109725344,
      -0.04415603013133053,
      0.04626048955527375,
      0.14607755839824677,
      -4.581496536315566e-10,
      0.7233688933444087,
      0.6904617615347611,
      3.780282974243164,
      -0.06395144948202942,
      -0.6890483939062092,
      0.7218881651366926,
      -0.8781985640525818,
      0,
      0,
      0,
      1
    ],
    [
      0.9979530109725344,
      -0.04415603013133053,
      0.04626048955527375,
      0.14607755839824677,
      -4.581496536315566e-10,
      0.7233688933444087,
      0.6904617615347611,
      3.780282974243164,
      -0.06395144948202942,
      -0.6890483939062092,
      0.7218881651366926,
      -0.8781985640525818,
      0,
      0,
      0,
      1
    ],
    [
      0.9979530109725344,
      -0.04415603013133053,
      0.04626048955527375,
      0.14607755839824677,
      -4.581496536315566e-10,
      0.7233688933444087,
      0.6904617615347611,
      3.780282974243164,
      -0.06395144948202942,
      -0.6890483939062092,
      0.7218881651366926,
      -0.8781985640525818,
      0,
      0,
      0,
      1
    ],
    [
      0.9979530109725344,
      -0.04415603013133053,
      0.04626048955527375,
      0.14607755839824677,
      -4.581496536315566e-10,
      0.7233688933444087,
      0.6904617615347611,
      3.780282974243164,
      -0.06395144948202942,
      -0.6890483939062092,
      0.7218881651366926,
      -0.8781985640525818,
      0,
      0,
      0,
      1
    ],
    [
      0.9979530109725344,
      -0.04415603013133053,
      0.04626048955527375,
      0.14607755839824677,
      -4.581496536315566e-10,
      0.7233688933444087,
      0.6904617615347611,
      3.780282974243164,
      -0.06395144948202942,
      -0.6890483939062092,
      0.7218881651366926,
      -0.8781985640525818,
      0,
      0,
      0,
      1
    ],
    [
      0.9979530109725344,
      -0.04415603013133053,
      0.04626048955527375,
      0.14607755839824677,
      -4.581496536315566e-10,
      0.7233688933444087,
      0.6904617615347611,
      3.780282974243164,
      -0.06395144948202942,
      -0.6890483939062092,
      0.7218881651366926,
      -0.8781985640525818,
      0,
      0,
      0,
      1
    ],
    [
      0.9979530109725344,
      -0.04415603013133053,
      0.04626048955527375,
      0.14607755839824677,
      -4.581496536315566e-10,
      0.7233688933444087,
      0.6904617615347611,
      3.780282974243164,
      -0.06395144948202942,
      -0.6890483939062092,
      0.7218881651366926,
      -0.8781985640525818,
      0,
      0,
      0,
      1
    ],
    [
      0.9979530109725344,
      -0.04415603013133053,
      0.04626048955527375,
      0.14607755839824677,
      -4.581496536315566e-10,
      0.7233688933444087,
      0.6904617615347611,
      3.780282974243164,
      -0.06395144948202942,
      -0.6890483939062092,
      0.7218881651366926,
      -0.8781985640525818,
      0,
      0,
      0,
      1
    ],
    [
      0.9979530109725344,
      -0.04415603013133053,
      0.04626048955527375,
      0.14607755839824677,
      -4.581496536315566e-10,
      0.7233688933444087,
      0.6904617615347611,
      3.780282974243164,
      -0.06395144948202942,
      -0.6890483939062092,
      0.7218881651366926,
      -0.8781985640525818,
      0,
      0,
      0,
      1
    ],
    [
      0.9979530109725344,
      -0.04415603013133053,
      0.04626048955527375,
      0.14607755839824677,
      -4.581496536315566e-10,
      0.7233688933444087,
      0.6904617615347611,
      3.780282974243164,
      -0.06395144948202942,
      -0.6890483939062092,
      0.7218881651366926,
      -0.8781985640525818,
      0,
      0,
      0,
      1
    ],
    [
      0.9979530110103484,
      -0.04406025318953007,
      0.046351719539344395,
      0.14636562764644623,
      -1.138737999728523e-9,
      0.7247954434107627,
      0.6889641247633985,
      3.7755539417266846,
      -0.06395144889194876,
      -0.6875538228385253,
      0.7233117950681782,
      -0.873703122138977,
      0,
      0,
      0,
      1
    ],
    [
      0.9981468867428148,
      -0.0412585401952834,
      0.044727232717668576,
      0.14123596251010895,
      -1.3666120526889536e-9,
      0.7350338389686197,
      0.678030423779828,
      3.741028308868408,
      -0.060850575064055855,
      -0.6767739566738715,
      0.7336717379607628,
      -0.840989351272583,
      0,
      0,
      0,
      1
    ],
    [
      0.9988882384318125,
      -0.03046733346447208,
      0.0359726106107834,
      0.11359133571386337,
      -2.5996822750062876e-10,
      0.7630831605321087,
      0.6463003095406407,
      3.640833616256714,
      -0.047141140446433694,
      -0.6455817777043374,
      0.7622347939929776,
      -0.7507952451705933,
      0,
      0,
      0,
      1
    ],
    [
      0.9994966850589435,
      -0.019247266137626885,
      0.025217440441300396,
      0.07962954789400101,
      1.3049403571607776e-10,
      0.7949151050024006,
      0.6067206736538837,
      3.515852451324463,
      -0.031723438593304655,
      -0.6064153020704952,
      0.794515012355693,
      -0.6488634943962097,
      0,
      0,
      0,
      1
    ],
    [
      0.9998345148154728,
      -0.010056034287304344,
      0.015159787535468351,
      0.047870323061943054,
      1.0450315959809053e-11,
      0.8333290579607485,
      0.5527772437051398,
      3.3455142974853516,
      -0.018191838381757412,
      -0.5526857672608044,
      0.8331911543479251,
      -0.5267351865768433,
      0,
      0,
      0,
      1
    ],
    [
      0.9999780241527257,
      -0.0033173786074458876,
      0.005739878987012366,
      0.018124915659427643,
      -7.276210970547092e-11,
      0.8657994541097296,
      0.5003911522632014,
      3.180093765258789,
      -0.006629570997484357,
      -0.5003801557440795,
      0.8657804274329145,
      -0.42382746934890747,
      0,
      0,
      0,
      1
    ],
    [
      0.9999954169056253,
      0.0014029986289310452,
      -0.002682864624199863,
      -0.008471728302538395,
      1.572667180944204e-11,
      0.8861451348102202,
      0.46340781181609,
      3.0633108615875244,
      0.0030275679587030684,
      -0.4634056879743967,
      0.8861410735234156,
      -0.35953429341316223,
      0,
      0,
      0,
      1
    ],
    [
      0.999966940173918,
      0.003598948420618916,
      -0.007291510781560571,
      -0.023024529218673706,
      2.0629368872870923e-11,
      0.8967178835007469,
      0.44260257275567316,
      2.9976139068603516,
      0.008131331945744771,
      -0.44258794039174487,
      0.8966882381633995,
      -0.32622936367988586,
      0,
      0,
      0,
      1
    ],
    [
      0.9999455116859166,
      0.0045193007514538076,
      -0.00941007863454518,
      -0.029714368283748627,
      1.1874223609584234e-10,
      0.901430987241028,
      0.4329228282750469,
      2.967047929763794,
      0.010439044936698694,
      -0.4328992390411234,
      0.901381869785734,
      -0.3114081621170044,
      0,
      0,
      0,
      1
    ],
    [
      0.9999357778391383,
      0.004863720306579281,
      -0.010236426232667128,
      -0.03232374042272568,
      -1.9995163077352052e-10,
      0.9032290203543288,
      0.42915887127002217,
      2.955162525177002,
      0.011333145955005935,
      -0.4291313097579095,
      0.9031710130358611,
      -0.3057585656642914,
      0,
      0,
      0,
      1
    ],
    [
      0.999932831198274,
      0.004961484640439934,
      -0.010474576934975176,
      -0.03307575359940529,
      9.527750160012727e-11,
      0.9037430781085135,
      0.4280752839991457,
      2.9517407417297363,
      0.01159021534761263,
      -0.4280465306962689,
      0.9036823747684162,
      -0.30414384603500366,
      0,
      0,
      0,
      1
    ],
    [
      0.9999323278618666,
      0.004977912997699341,
      -0.01051475529604906,
      -0.033202625811100006,
      -5.990234957370388e-11,
      0.9038296237643788,
      0.4278925229610135,
      2.9511635303497314,
      0.011633559074868524,
      -0.4278635665584635,
      0.9037684596815286,
      -0.3038719892501831,
      0,
      0,
      0,
      1
    ],
    [
      0.9999323038683278,
      0.004978694104863695,
      -0.010516667038012902,
      -0.033208660781383514,
      1.2206418471480407e-10,
      0.9038337369474195,
      0.42788383465102164,
      2.9511361122131348,
      0.011635621194342465,
      -0.42785486857189436,
      0.9037725508991457,
      -0.30385908484458923,
      0,
      0,
      0,
      1
    ],
    [
      0.9999323038683278,
      0.004978694104863695,
      -0.010516667038012902,
      -0.033208660781383514,
      1.2206418471480407e-10,
      0.9038337369474195,
      0.42788383465102164,
      2.9511361122131348,
      0.011635621194342465,
      -0.42785486857189436,
      0.9037725508991457,
      -0.30385908484458923,
      0,
      0,
      0,
      1
    ],
    [
      0.9999323038683278,
      0.004978694104863695,
      -0.010516667038012902,
      -0.033208660781383514,
      1.2206418471480407e-10,
      0.9038337369474195,
      0.42788383465102164,
      2.9511361122131348,
      0.011635621194342465,
      -0.42785486857189436,
      0.9037725508991457,
      -0.30385908484458923,
      0,
      0,
      0,
      1
    ],
    [
      0.9999323038683278,
      0.004978694104863695,
      -0.010516667038012902,
      -0.033208660781383514,
      1.2206418471480407e-10,
      0.9038337369474195,
      0.42788383465102164,
      2.9511361122131348,
      0.011635621194342465,
      -0.42785486857189436,
      0.9037725508991457,
      -0.30385908484458923,
      0,
      0,
      0,
      1
    ],
    [
      0.9999323038683278,
      0.004978694104863695,
      -0.010516667038012902,
      -0.033208660781383514,
      1.2206418471480407e-10,
      0.9038337369474195,
      0.42788383465102164,
      2.9511361122131348,
      0.011635621194342465,
      -0.42785486857189436,
      0.9037725508991457,
      -0.30385908484458923,
      0,
      0,
      0,
      1
    ],
    [
      0.9999323038683278,
      0.004978694104863695,
      -0.010516667038012902,
      -0.033208660781383514,
      1.2206418471480407e-10,
      0.9038337369474195,
      0.42788383465102164,
      2.9511361122131348,
      0.011635621194342465,
      -0.42785486857189436,
      0.9037725508991457,
      -0.30385908484458923,
      0,
      0,
      0,
      1
    ],
    [
      0.9999323038683278,
      0.004978694104863695,
      -0.010516667038012902,
      -0.033208660781383514,
      1.2206418471480407e-10,
      0.9038337369474195,
      0.42788383465102164,
      2.9511361122131348,
      0.011635621194342465,
      -0.42785486857189436,
      0.9037725508991457,
      -0.30385908484458923,
      0,
      0,
      0,
      1
    ],
    [
      0.9999323038683278,
      0.004978694104863695,
      -0.010516667038012902,
      -0.033208660781383514,
      1.2206418471480407e-10,
      0.9038337369474195,
      0.42788383465102164,
      2.9511361122131348,
      0.011635621194342465,
      -0.42785486857189436,
      0.9037725508991457,
      -0.30385908484458923,
      0,
      0,
      0,
      1
    ],
    [
      0.9999323038683278,
      0.004978694104863695,
      -0.010516667038012902,
      -0.033208660781383514,
      1.2206418471480407e-10,
      0.9038337369474195,
      0.42788383465102164,
      2.9511361122131348,
      0.011635621194342465,
      -0.42785486857189436,
      0.9037725508991457,
      -0.30385908484458923,
      0,
      0,
      0,
      1
    ],
    [
      0.9999323038683278,
      0.004978694104863695,
      -0.010516667038012902,
      -0.033208660781383514,
      1.2206418471480407e-10,
      0.9038337369474195,
      0.42788383465102164,
      2.9511361122131348,
      0.011635621194342465,
      -0.42785486857189436,
      0.9037725508991457,
      -0.30385908484458923,
      0,
      0,
      0,
      1
    ],
    [
      0.9999323038683278,
      0.004978694104863695,
      -0.010516667038012902,
      -0.033208660781383514,
      1.2206418471480407e-10,
      0.9038337369474195,
      0.42788383465102164,
      2.9511361122131348,
      0.011635621194342465,
      -0.42785486857189436,
      0.9037725508991457,
      -0.30385908484458923,
      0,
      0,
      0,
      1
    ],
    [
      0.9999323038683278,
      0.004978694104863695,
      -0.010516667038012902,
      -0.033208660781383514,
      1.2206418471480407e-10,
      0.9038337369474195,
      0.42788383465102164,
      2.9511361122131348,
      0.011635621194342465,
      -0.42785486857189436,
      0.9037725508991457,
      -0.30385908484458923,
      0,
      0,
      0,
      1
    ],
    [
      0.9999323038683278,
      0.004978694104863695,
      -0.010516667038012902,
      -0.033208660781383514,
      1.2206418471480407e-10,
      0.9038337369474195,
      0.42788383465102164,
      2.9511361122131348,
      0.011635621194342465,
      -0.42785486857189436,
      0.9037725508991457,
      -0.30385908484458923,
      0,
      0,
      0,
      1
    ],
    [
      0.9999323038683278,
      0.004978694104863695,
      -0.010516667038012902,
      -0.033208660781383514,
      1.2206418471480407e-10,
      0.9038337369474195,
      0.42788383465102164,
      2.9511361122131348,
      0.011635621194342465,
      -0.42785486857189436,
      0.9037725508991457,
      -0.30385908484458923,
      0,
      0,
      0,
      1
    ],
    [
      0.9999323038683278,
      0.004978694104863695,
      -0.010516667038012902,
      -0.033208660781383514,
      1.2206418471480407e-10,
      0.9038337369474195,
      0.42788383465102164,
      2.9511361122131348,
      0.011635621194342465,
